route_id,service_id,trip_id,trip_headsign,trip_short_name,direction_id,block_id,shape_id,wheelchair_accessible,bikes_allowed
3277,724,678073,Transway1A,,0,58292,101241,0,0
3277,724,678503,Transway1A,,1,58292,101251,0,0
3277,724,678061,Transway1A,,0,58292,101241,0,0
3277,724,678487,Transway1A,,1,58292,101251,0,0
3277,724,678057,Transway1A,,0,58292,101241,0,0
3277,724,678483,Transway1A,,1,58292,101251,0,0
3277,724,678051,Transway1A,,0,58292,101241,0,0
3277,724,678479,Transway1A,,1,58292,101251,0,0
3277,724,678047,Transway1A,,0,58292,101241,0,0
3277,724,678491,Transway1A,,1,58292,101251,0,0
3277,724,678065,Transway1A,,0,58292,101241,0,0
3277,724,678509,Transway1A,,1,58293,101251,0,0
3277,724,678079,Transway1A,,0,58293,101241,0,0
3277,724,678505,Transway1A,,1,58293,101251,0,0
3277,724,678075,Transway1A,,0,58293,101241,0,0
3277,724,678501,Transway1A,,1,58293,101251,0,0
3277,724,678071,Transway1A,,0,58293,101241,0,0
3277,724,678497,Transway1A,,1,58293,101251,0,0
3277,724,678067,Transway1A,,0,58293,101241,0,0
3277,724,678493,Transway1A,,1,58293,101251,0,0
3277,724,678063,Transway1A,,0,58293,101241,0,0
3277,724,678489,Transway1A,,1,58293,101251,0,0
3277,724,678059,Transway1A,,0,58293,101241,0,0
3277,724,678495,Transway1A,,1,58292,101251,0,0
3277,724,678055,Transway1A,,0,58293,101241,0,0
3277,724,678069,Transway1A,,0,58292,101241,0,0
3277,724,678499,Transway1A,,1,58292,101251,0,0
3277,723,678512,Transway1A,,1,758,101251,0,0
3277,723,678082,Transway1A,,0,758,101241,0,0
3277,723,678508,Transway1A,,1,758,101251,0,0
3277,723,678078,Transway1A,,0,758,101241,0,0
3277,723,678504,Transway1A,,1,758,101251,0,0
3277,723,678074,Transway1A,,0,758,101241,0,0
3277,723,678500,Transway1A,,1,758,101251,0,0
3277,723,678070,Transway1A,,0,758,101241,0,0
3277,723,678496,Transway1A,,1,758,101251,0,0
3277,723,678066,Transway1A,,0,758,101241,0,0
3277,723,678492,Transway1A,,1,758,101251,0,0
3277,723,678062,Transway1A,,0,758,101241,0,0
3277,723,678488,Transway1A,,1,758,101251,0,0
3277,723,678058,Transway1A,,0,758,101241,0,0
3277,723,678054,Transway1A,,0,758,101241,0,0
3277,723,678484,Transway1A,,1,757,101251,0,0
3277,723,678052,Transway1A,,0,757,101241,0,0
3277,723,678480,Transway1A,,1,757,101251,0,0
3277,723,678048,Transway1A,,0,757,101241,0,0
3277,723,678514,Transway1A,,1,763,101251,0,0
3277,723,678084,Transway1A,,0,763,101241,0,0
3277,723,678510,Transway1A,,1,763,101251,0,0
3277,723,678080,Transway1A,,0,763,101241,0,0
3277,723,678506,Transway1A,,1,763,101251,0,0
3277,723,678076,Transway1A,,0,763,101241,0,0
3277,723,678502,Transway1A,,1,763,101251,0,0
3277,723,678072,Transway1A,,0,763,101241,0,0
3277,723,678498,Transway1A,,1,763,101251,0,0
3277,723,678068,Transway1A,,0,763,101241,0,0
3277,723,678494,Transway1A,,1,763,101251,0,0
3277,723,678064,Transway1A,,0,763,101241,0,0
3277,723,678490,Transway1A,,1,763,101251,0,0
3277,723,678060,Transway1A,,0,763,101241,0,0
3277,723,678486,Transway1A,,1,763,101251,0,0
3277,723,678056,Transway1A,,0,763,101241,0,0
3277,723,678482,Transway1A,,1,763,101251,0,0
3277,723,678050,Transway1A,,0,763,101241,0,0
3277,723,678478,Transway1A,,1,763,101251,0,0
3277,723,678046,Transway1A,,0,763,101241,0,0
3277,724,678515,Transway1A,,1,58289,101251,0,0
3277,724,678085,Transway1A,,0,58289,101241,0,0
3277,724,678511,Transway1A,,1,58289,101251,0,0
3277,724,678081,Transway1A,,0,58289,101241,0,0
3277,724,678507,Transway1A,,1,58289,101251,0,0
3277,724,678077,Transway1A,,0,58289,101241,0,0
3277,724,678513,Transway1A,,1,58290,101251,0,0
3277,724,678083,Transway1A,,0,58290,101241,0,0
3277,724,678485,Transway1A,,1,58291,101251,0,0
3277,724,678053,Transway1A,,0,58291,101241,0,0
3277,724,678481,Transway1A,,1,58291,101251,0,0
3277,724,678049,Transway1A,,0,58291,101241,0,0
3278,723,678544,Transway1C,,0,759,101263,0,0
3278,723,678158,Transway1C,,1,759,101282,0,0
3278,723,678536,Transway1C,,0,759,101263,0,0
3278,723,678150,Transway1C,,1,759,101282,0,0
3278,723,678528,Transway1C,,0,759,101263,0,0
3278,723,678142,Transway1C,,1,759,101282,0,0
3278,723,678520,Transway1C,,0,759,101263,0,0
3278,723,678254,Transway1C,,0,765,101263,0,0
3278,723,678042,Transway1C,,1,765,101282,0,0
3278,723,678250,Transway1C,,0,765,101263,0,0
3278,723,678164,Transway1C,,1,765,101282,0,0
3278,723,678542,Transway1C,,0,765,101263,0,0
3278,723,678156,Transway1C,,1,765,101282,0,0
3278,723,678534,Transway1C,,0,765,101263,0,0
3278,723,678148,Transway1C,,1,765,101282,0,0
3278,723,678526,Transway1C,,0,765,101263,0,0
3278,723,678140,Transway1C,,1,765,101282,0,0
3278,723,678518,Transway1C,,0,765,101263,0,0
3278,723,678256,Transway1C,,0,764,101263,0,0
3278,723,678044,Transway1C,,1,764,101282,0,0
3278,723,678252,Transway1C,,0,764,101263,0,0
3278,723,678040,Transway1C,,1,764,101282,0,0
3278,723,678546,Transway1C,,0,764,101263,0,0
3278,723,678160,Transway1C,,1,764,101282,0,0
3278,723,678538,Transway1C,,0,764,101263,0,0
3278,723,678152,Transway1C,,1,764,101282,0,0
3278,723,678530,Transway1C,,0,764,101263,0,0
3278,723,678144,Transway1C,,1,764,101282,0,0
3278,723,678522,Transway1C,,0,764,101263,0,0
3278,723,678136,Transway1C,,1,764,101282,0,0
3278,723,678162,Transway1C,,1,767,101282,0,0
3278,723,678540,Transway1C,,0,767,101263,0,0
3278,723,678154,Transway1C,,1,767,101282,0,0
3278,723,678532,Transway1C,,0,767,101263,0,0
3278,723,678146,Transway1C,,1,767,101282,0,0
3278,723,678524,Transway1C,,0,767,101263,0,0
3278,723,678138,Transway1C,,1,767,101282,0,0
3278,724,678147,Transway1C,,1,58296,101282,0,0
3278,724,678525,Transway1C,,0,58296,101263,0,0
3278,724,678139,Transway1C,,1,58296,101282,0,0
3278,724,678545,Transway1C,,0,58287,101263,0,0
3278,724,678159,Transway1C,,1,58287,101282,0,0
3278,724,678537,Transway1C,,0,58287,101263,0,0
3278,724,678151,Transway1C,,1,58287,101282,0,0
3278,724,678529,Transway1C,,0,58287,101263,0,0
3278,724,678143,Transway1C,,1,58287,101282,0,0
3278,724,678521,Transway1C,,0,58287,101263,0,0
3278,724,678257,Transway1C,,0,58294,101263,0,0
3278,724,678045,Transway1C,,1,58294,101282,0,0
3278,724,678253,Transway1C,,0,58294,101263,0,0
3278,724,678041,Transway1C,,1,58294,101282,0,0
3278,724,678547,Transway1C,,0,58294,101263,0,0
3278,724,678161,Transway1C,,1,58294,101282,0,0
3278,724,678539,Transway1C,,0,58294,101263,0,0
3278,724,678153,Transway1C,,1,58294,101282,0,0
3278,724,678531,Transway1C,,0,58294,101263,0,0
3278,724,678145,Transway1C,,1,58294,101282,0,0
3278,724,678523,Transway1C,,0,58294,101263,0,0
3278,724,678137,Transway1C,,1,58294,101282,0,0
3278,724,678255,Transway1C,,0,58295,101263,0,0
3278,724,678043,Transway1C,,1,58295,101282,0,0
3278,724,678251,Transway1C,,0,58295,101263,0,0
3278,724,678165,Transway1C,,1,58295,101282,0,0
3278,724,678543,Transway1C,,0,58295,101263,0,0
3278,724,678157,Transway1C,,1,58295,101282,0,0
3278,724,678535,Transway1C,,0,58295,101263,0,0
3278,724,678149,Transway1C,,1,58295,101282,0,0
3278,724,678527,Transway1C,,0,58295,101263,0,0
3278,724,678141,Transway1C,,1,58295,101282,0,0
3278,724,678519,Transway1C,,0,58295,101263,0,0
3278,724,678163,Transway1C,,1,58296,101282,0,0
3278,724,678541,Transway1C,,0,58296,101263,0,0
3278,724,678155,Transway1C,,1,58296,101282,0,0
3278,724,678533,Transway1C,,0,58296,101263,0,0
3278,724,678397,NotinService,,1,58296,101278,0,0
3278,723,678396,NotinService,,1,767,101278,0,0
3278,723,678394,NotinService,,1,764,101278,0,0
3278,724,678395,NotinService,,1,58294,101278,0,0
3279,723,678438,Crosstown2,,1,759,101306,0,0
3279,723,678474,Crosstown2,,0,759,101298,0,0
3279,723,678434,Crosstown2,,1,759,101306,0,0
3279,723,678472,Crosstown2,,0,776,101298,0,0
3279,723,678432,Crosstown2,,1,776,101306,0,0
3279,723,678466,Crosstown2,,0,776,101298,0,0
3279,723,678426,Crosstown2,,1,776,101306,0,0
3279,723,678460,Crosstown2,,0,776,101298,0,0
3279,723,678420,Crosstown2,,1,776,101306,0,0
3279,723,678454,Crosstown2,,0,776,101298,0,0
3279,723,678414,Crosstown2,,1,776,101306,0,0
3279,723,678448,Crosstown2,,0,776,101298,0,0
3279,723,678408,Crosstown2,,1,776,101306,0,0
3279,723,678442,Crosstown2,,0,776,101298,0,0
3279,723,678468,Crosstown2,,0,769,101298,0,0
3279,723,678428,Crosstown2,,1,769,101306,0,0
3279,723,678462,Crosstown2,,0,769,101298,0,0
3279,723,678422,Crosstown2,,1,769,101306,0,0
3279,723,678456,Crosstown2,,0,769,101298,0,0
3279,723,678416,Crosstown2,,1,769,101306,0,0
3279,723,678450,Crosstown2,,0,769,101298,0,0
3279,723,678410,Crosstown2,,1,769,101306,0,0
3279,723,678444,Crosstown2,,0,769,101298,0,0
3279,723,678404,Crosstown2,,1,769,101306,0,0
3279,723,678476,Crosstown2,,0,775,101298,0,0
3279,723,678436,Crosstown2,,1,775,101306,0,0
3279,723,678470,Crosstown2,,0,775,101298,0,0
3279,723,678430,Crosstown2,,1,775,101306,0,0
3279,723,678464,Crosstown2,,0,775,101298,0,0
3279,723,678424,Crosstown2,,1,775,101306,0,0
3279,723,678458,Crosstown2,,0,775,101298,0,0
3279,723,678418,Crosstown2,,1,775,101306,0,0
3279,723,678452,Crosstown2,,0,775,101298,0,0
3279,723,678412,Crosstown2,,1,775,101306,0,0
3279,723,678446,Crosstown2,,0,775,101298,0,0
3279,723,678406,Crosstown2,,1,775,101306,0,0
3279,724,678473,Crosstown2,,0,58297,101298,0,0
3279,724,678433,Crosstown2,,1,58297,101306,0,0
3279,724,678467,Crosstown2,,0,58297,101298,0,0
3279,724,678427,Crosstown2,,1,58297,101306,0,0
3279,724,678461,Crosstown2,,0,58297,101298,0,0
3279,724,678421,Crosstown2,,1,58297,101306,0,0
3279,724,678455,Crosstown2,,0,58297,101298,0,0
3279,724,678415,Crosstown2,,1,58297,101306,0,0
3279,724,678449,Crosstown2,,0,58297,101298,0,0
3279,724,678409,Crosstown2,,1,58297,101306,0,0
3279,724,678443,Crosstown2,,0,58297,101298,0,0
3279,724,678439,Crosstown2,,1,58298,101306,0,0
3279,724,678475,Crosstown2,,0,58298,101298,0,0
3279,724,678435,Crosstown2,,1,58298,101306,0,0
3279,724,678469,Crosstown2,,0,58298,101298,0,0
3279,724,678429,Crosstown2,,1,58298,101306,0,0
3279,724,678463,Crosstown2,,0,58298,101298,0,0
3279,724,678423,Crosstown2,,1,58298,101306,0,0
3279,724,678457,Crosstown2,,0,58298,101298,0,0
3279,724,678417,Crosstown2,,1,58298,101306,0,0
3279,724,678451,Crosstown2,,0,58298,101298,0,0
3279,724,678411,Crosstown2,,1,58298,101306,0,0
3279,724,678445,Crosstown2,,0,58298,101298,0,0
3279,724,678405,Crosstown2,,1,58298,101306,0,0
3279,724,678477,Crosstown2,,0,58299,101298,0,0
3279,724,678437,Crosstown2,,1,58299,101306,0,0
3279,724,678471,Crosstown2,,0,58299,101298,0,0
3279,724,678431,Crosstown2,,1,58299,101306,0,0
3279,724,678465,Crosstown2,,0,58299,101298,0,0
3279,724,678425,Crosstown2,,1,58299,101306,0,0
3279,724,678459,Crosstown2,,0,58299,101298,0,0
3279,724,678419,Crosstown2,,1,58299,101306,0,0
3279,724,678453,Crosstown2,,0,58299,101298,0,0
3279,724,678413,Crosstown2,,1,58299,101306,0,0
3279,724,678447,Crosstown2,,0,58299,101298,0,0
3279,724,678407,Crosstown2,,1,58299,101306,0,0
3281,724,678517,Ottawa4,,0,58301,101334,0,0
3281,724,678135,Ottawa4,,0,58301,101335,0,0
3281,724,678087,Ottawa4,,1,58301,101357,0,0
3281,724,678131,Ottawa4,,0,58301,101335,0,0
3281,724,678247,Ottawa4,,1,58301,101357,0,0
3281,724,677963,Ottawa4,,0,58301,101335,0,0
3281,724,678241,Ottawa4,,1,58301,101357,0,0
3281,724,677957,Ottawa4,,0,58301,101335,0,0
3281,724,678235,Ottawa4,,1,58301,101357,0,0
3281,724,677951,Ottawa4,,0,58301,101335,0,0
3281,724,678229,Ottawa4,,1,58301,101357,0,0
3281,723,678516,Ottawa4,,0,774,101334,0,0
3281,723,678134,Ottawa4,,0,774,101335,0,0
3281,723,678086,Ottawa4,,1,774,101357,0,0
3281,723,678130,Ottawa4,,0,774,101335,0,0
3281,723,678246,Ottawa4,,1,774,101357,0,0
3281,723,677962,Ottawa4,,0,774,101335,0,0
3281,723,678240,Ottawa4,,1,774,101357,0,0
3281,723,677956,Ottawa4,,0,774,101335,0,0
3281,723,678234,Ottawa4,,1,774,101357,0,0
3281,723,677950,Ottawa4,,0,774,101335,0,0
3281,723,678228,Ottawa4,,1,774,101357,0,0
3281,724,678245,Ottawa4,,1,58284,101357,0,0
3281,724,677961,Ottawa4,,0,58284,101335,0,0
3281,724,678239,Ottawa4,,1,58284,101357,0,0
3281,724,677955,Ottawa4,,0,58284,101335,0,0
3281,724,678233,Ottawa4,,1,58284,101357,0,0
3281,724,677949,Ottawa4,,0,58284,101335,0,0
3281,724,678089,Ottawa4,,1,58283,101357,0,0
3281,724,678133,Ottawa4,,0,58283,101335,0,0
3281,724,678249,Ottawa4,,1,58283,101357,0,0
3281,724,677965,Ottawa4,,0,58283,101335,0,0
3281,724,678243,Ottawa4,,1,58283,101357,0,0
3281,724,677959,Ottawa4,,0,58283,101335,0,0
3281,724,678237,Ottawa4,,1,58283,101357,0,0
3281,724,677953,Ottawa4,,0,58283,101335,0,0
3281,724,678231,Ottawa4,,1,58283,101357,0,0
3281,723,678088,Ottawa4,,1,762,101357,0,0
3281,723,678132,Ottawa4,,0,762,101335,0,0
3281,723,678248,Ottawa4,,1,762,101357,0,0
3281,723,677964,Ottawa4,,0,762,101335,0,0
3281,723,678242,Ottawa4,,1,762,101357,0,0
3281,723,677958,Ottawa4,,0,762,101335,0,0
3281,723,678236,Ottawa4,,1,762,101357,0,0
3281,723,677952,Ottawa4,,0,762,101335,0,0
3281,723,678230,Ottawa4,,1,762,101357,0,0
3281,723,678244,Ottawa4,,1,761,101357,0,0
3281,723,677960,Ottawa4,,0,761,101335,0,0
3281,723,678238,Ottawa4,,1,761,101357,0,0
3281,723,677954,Ottawa4,,0,761,101335,0,0
3281,723,678232,Ottawa4,,1,761,101357,0,0
3281,723,677948,Ottawa4,,0,761,101335,0,0
3282,723,678106,Dougall6,,1,766,101391,0,0
3282,723,678274,Dougall6,,0,766,101373,0,0
3282,723,678104,Dougall6,,1,766,101391,0,0
3282,723,678272,Dougall6,,0,766,101373,0,0
3282,723,678102,Dougall6,,1,766,101391,0,0
3282,723,678270,Dougall6,,0,766,101373,0,0
3282,723,678100,Dougall6,,1,766,101391,0,0
3282,723,678268,Dougall6,,0,766,101373,0,0
3282,723,678098,Dougall6,,1,766,101391,0,0
3282,723,678266,Dougall6,,0,766,101373,0,0
3282,723,678096,Dougall6,,1,766,101391,0,0
3282,723,678264,Dougall6,,0,766,101373,0,0
3282,723,678094,Dougall6,,1,766,101391,0,0
3282,723,678262,Dougall6,,0,766,101373,0,0
3282,723,678092,Dougall6,,1,766,101391,0,0
3282,723,678260,Dougall6,,0,766,101373,0,0
3282,723,678090,Dougall6,,1,766,101391,0,0
3282,723,678258,Dougall6,,0,766,101373,0,0
3282,724,678107,Dougall6,,1,58286,101391,0,0
3282,724,678275,Dougall6,,0,58286,101373,0,0
3282,724,678105,Dougall6,,1,58286,101391,0,0
3282,724,678273,Dougall6,,0,58286,101373,0,0
3282,724,678103,Dougall6,,1,58286,101391,0,0
3282,724,678271,Dougall6,,0,58286,101373,0,0
3282,724,678101,Dougall6,,1,58286,101391,0,0
3282,724,678269,Dougall6,,0,58286,101373,0,0
3282,724,678099,Dougall6,,1,58286,101391,0,0
3282,724,678267,Dougall6,,0,58286,101373,0,0
3282,724,678097,Dougall6,,1,58286,101391,0,0
3282,724,678265,Dougall6,,0,58286,101373,0,0
3282,724,678095,Dougall6,,1,58286,101391,0,0
3282,724,678263,Dougall6,,0,58286,101373,0,0
3282,724,678093,Dougall6,,1,58286,101391,0,0
3282,724,678261,Dougall6,,0,58286,101373,0,0
3282,724,678091,Dougall6,,1,58286,101391,0,0
3282,724,678259,Dougall6,,0,58286,101373,0,0
3283,724,678033,Walkerville8,,0,58302,101408,0,0
3283,724,678177,Walkerville8,,1,58302,101421,0,0
3283,724,678031,Walkerville8,,0,58302,101408,0,0
3283,724,678175,Walkerville8,,1,58302,101421,0,0
3283,724,678029,Walkerville8,,0,58302,101408,0,0
3283,724,678173,Walkerville8,,1,58302,101421,0,0
3283,724,678027,Walkerville8,,0,58302,101408,0,0
3283,724,678171,Walkerville8,,1,58302,101421,0,0
3283,724,678025,Walkerville8,,0,58302,101408,0,0
3283,724,678169,Walkerville8,,1,58302,101421,0,0
3283,724,678023,Walkerville8,,0,58302,101408,0,0
3283,724,678167,Walkerville8,,1,58302,101421,0,0
3283,724,678021,Walkerville8,,0,58302,101408,0,0
3283,723,678184,Walkerville8,,1,768,101421,0,0
3283,723,678038,Walkerville8,,0,768,101408,0,0
3283,723,678182,Walkerville8,,1,768,101421,0,0
3283,723,678036,Walkerville8,,0,768,101408,0,0
3283,723,678180,Walkerville8,,1,768,101421,0,0
3283,723,678034,Walkerville8,,0,768,101408,0,0
3283,723,678178,Walkerville8,,1,768,101421,0,0
3283,723,678032,Walkerville8,,0,768,101408,0,0
3283,723,678176,Walkerville8,,1,768,101421,0,0
3283,723,678030,Walkerville8,,0,768,101408,0,0
3283,723,678174,Walkerville8,,1,768,101421,0,0
3283,723,678028,Walkerville8,,0,768,101408,0,0
3283,723,678172,Walkerville8,,1,768,101421,0,0
3283,723,678026,Walkerville8,,0,768,101408,0,0
3283,723,678170,Walkerville8,,1,768,101421,0,0
3283,723,678024,Walkerville8,,0,768,101408,0,0
3283,723,678168,Walkerville8,,1,768,101421,0,0
3283,723,678022,Walkerville8,,0,768,101408,0,0
3283,723,678166,Walkerville8,,1,768,101421,0,0
3283,723,678020,Walkerville8,,0,768,101408,0,0
3283,724,678185,Walkerville8,,1,58288,101421,0,0
3283,724,678039,Walkerville8,,0,58288,101408,0,0
3283,724,678183,Walkerville8,,1,58288,101421,0,0
3283,724,678037,Walkerville8,,0,58288,101408,0,0
3283,724,678181,Walkerville8,,1,58288,101421,0,0
3283,724,678035,Walkerville8,,0,58288,101408,0,0
3283,724,678179,Walkerville8,,1,58288,101421,0,0
3285,724,677573,TunnelBus,,0,58316,101447,0,0
3285,724,677609,TunnelBus,,1,58316,101466,0,0
3285,724,677571,TunnelBus,,0,58316,101447,0,0
3285,724,677607,TunnelBus,,1,58316,101466,0,0
3285,724,677569,TunnelBus,,0,58316,101447,0,0
3285,724,677605,TunnelBus,,1,58316,101466,0,0
3285,724,677566,TunnelBus,,0,58316,101447,0,0
3285,724,677602,TunnelBus,,1,58316,101466,0,0
3285,724,677564,TunnelBus,,0,58316,101447,0,0
3285,724,677600,TunnelBus,,1,58316,101466,0,0
3285,724,677562,TunnelBus,,0,58316,101447,0,0
3285,724,677598,TunnelBus,,1,58316,101466,0,0
3285,724,677560,TunnelBus,,0,58316,101447,0,0
3285,724,677596,TunnelBus,,1,58316,101466,0,0
3285,724,677567,TunnelBus,,0,58317,101447,0,0
3285,724,677603,TunnelBus,,1,58317,101466,0,0
3285,724,677565,TunnelBus,,0,58317,101447,0,0
3285,724,677601,TunnelBus,,1,58317,101466,0,0
3285,724,677563,TunnelBus,,0,58317,101447,0,0
3285,724,677599,TunnelBus,,1,58317,101466,0,0
3285,724,677561,TunnelBus,,0,58317,101447,0,0
3285,724,677597,TunnelBus,,1,58317,101466,0,0
3285,724,677559,TunnelBus,,0,58317,101447,0,0
3285,724,677595,TunnelBus,,1,58317,101466,0,0
3285,724,677558,TunnelBus,,0,58317,101447,0,0
3285,724,677594,TunnelBus,,1,58317,101466,0,0
3285,724,677557,TunnelBus,,0,58317,101447,0,0
3285,724,677593,TunnelBus,,1,58317,101466,0,0
3285,724,677586,TunnelBus,,0,58318,101447,0,0
3285,724,677622,TunnelBus,,1,58318,101466,0,0
3285,724,677584,TunnelBus,,0,58318,101447,0,0
3285,724,677620,TunnelBus,,1,58318,101466,0,0
3285,724,677582,TunnelBus,,0,58318,101447,0,0
3285,724,677618,TunnelBus,,1,58318,101466,0,0
3285,724,677580,TunnelBus,,0,58318,101447,0,0
3285,724,677616,TunnelBus,,1,58318,101466,0,0
3285,724,677578,TunnelBus,,0,58318,101447,0,0
3285,724,677614,TunnelBus,,1,58318,101466,0,0
3285,724,677576,TunnelBus,,0,58318,101447,0,0
3285,724,677612,TunnelBus,,1,58318,101466,0,0
3285,724,677574,TunnelBus,,0,58318,101447,0,0
3285,724,677610,TunnelBus,,1,58318,101466,0,0
3285,724,677572,TunnelBus,,0,58318,101447,0,0
3285,724,677608,TunnelBus,,1,58318,101466,0,0
3285,724,677570,TunnelBus,,0,58318,101447,0,0
3285,724,677606,TunnelBus,,1,58318,101466,0,0
3285,724,677568,TunnelBus,,0,58318,101447,0,0
3285,724,677604,TunnelBus,,1,58318,101466,0,0
3285,723,677966,TunnelBus,,1,772,101466,0,0
3285,723,678186,TunnelBus,,0,772,101447,0,0
3285,723,677968,TunnelBus,,1,772,101466,0,0
3285,723,678188,TunnelBus,,0,772,101447,0,0
3285,723,677970,TunnelBus,,1,772,101466,0,0
3285,723,678190,TunnelBus,,0,772,101447,0,0
3285,723,677972,TunnelBus,,1,772,101466,0,0
3285,723,678192,TunnelBus,,0,772,101447,0,0
3285,723,677976,TunnelBus,,1,772,101466,0,0
3285,723,678196,TunnelBus,,0,772,101447,0,0
3285,723,677980,TunnelBus,,1,772,101466,0,0
3285,723,678200,TunnelBus,,0,772,101447,0,0
3285,723,677984,TunnelBus,,1,772,101466,0,0
3285,723,678204,TunnelBus,,0,772,101447,0,0
3285,724,677577,TunnelBus,,0,58319,101447,0,0
3285,724,677613,TunnelBus,,1,58319,101466,0,0
3285,724,677575,TunnelBus,,0,58319,101447,0,0
3285,724,677611,TunnelBus,,1,58319,101466,0,0
3285,723,678392,TunnelBus,,0,771,101447,0,0
3285,723,678018,TunnelBus,,1,771,101466,0,0
3285,723,678390,TunnelBus,,0,771,101447,0,0
3285,723,678016,TunnelBus,,1,771,101466,0,0
3285,723,678388,TunnelBus,,0,771,101447,0,0
3285,723,678014,TunnelBus,,1,771,101466,0,0
3285,723,678386,TunnelBus,,0,771,101447,0,0
3285,723,678012,TunnelBus,,1,771,101466,0,0
3285,723,678384,TunnelBus,,0,771,101447,0,0
3285,723,678010,TunnelBus,,1,771,101466,0,0
3285,723,678382,TunnelBus,,0,771,101447,0,0
3285,723,678008,TunnelBus,,1,771,101466,0,0
3285,723,678224,TunnelBus,,0,771,101447,0,0
3285,723,678004,TunnelBus,,1,771,101466,0,0
3285,723,678220,TunnelBus,,0,771,101447,0,0
3285,723,678000,TunnelBus,,1,771,101466,0,0
3285,723,678216,TunnelBus,,0,770,101447,0,0
3285,723,677996,TunnelBus,,1,770,101466,0,0
3285,723,678212,TunnelBus,,0,770,101447,0,0
3285,723,677992,TunnelBus,,1,770,101466,0,0
3285,723,678208,TunnelBus,,0,770,101447,0,0
3285,723,677988,TunnelBus,,1,770,101466,0,0
3285,723,678202,TunnelBus,,0,770,101447,0,0
3285,723,677982,TunnelBus,,1,770,101466,0,0
3285,723,678198,TunnelBus,,0,770,101447,0,0
3285,723,677978,TunnelBus,,1,770,101466,0,0
3285,723,678194,TunnelBus,,0,770,101447,0,0
3285,723,677974,TunnelBus,,1,770,101466,0,0
3285,723,678226,TunnelBus,,0,773,101447,0,0
3285,723,678006,TunnelBus,,1,773,101466,0,0
3285,723,678222,TunnelBus,,0,773,101447,0,0
3285,723,678002,TunnelBus,,1,773,101466,0,0
3285,723,678218,TunnelBus,,0,773,101447,0,0
3285,723,677998,TunnelBus,,1,773,101466,0,0
3285,723,678214,TunnelBus,,0,773,101447,0,0
3285,723,677994,TunnelBus,,1,773,101466,0,0
3285,723,678210,TunnelBus,,0,773,101447,0,0
3285,723,677990,TunnelBus,,1,773,101466,0,0
3285,723,678206,TunnelBus,,0,773,101447,0,0
3285,723,677986,TunnelBus,,1,773,101466,0,0
3285,724,677592,TunnelBus,,0,58314,101447,0,0
3285,724,677628,TunnelBus,,1,58314,101466,0,0
3285,724,677590,TunnelBus,,0,58314,101447,0,0
3285,724,677626,TunnelBus,,1,58314,101466,0,0
3285,724,677588,TunnelBus,,0,58314,101447,0,0
3285,724,677624,TunnelBus,,1,58314,101466,0,0
3285,724,677585,TunnelBus,,0,58314,101447,0,0
3285,724,677621,TunnelBus,,1,58314,101466,0,0
3285,724,677583,TunnelBus,,0,58314,101447,0,0
3285,724,677619,TunnelBus,,1,58314,101466,0,0
3285,724,677581,TunnelBus,,0,58314,101447,0,0
3285,724,677617,TunnelBus,,1,58314,101466,0,0
3285,724,677579,TunnelBus,,0,58314,101447,0,0
3285,724,677615,TunnelBus,,1,58314,101466,0,0
3285,724,677591,TunnelBus,,0,58315,101447,0,0
3285,724,677627,TunnelBus,,1,58315,101466,0,0
3285,724,677589,TunnelBus,,0,58315,101447,0,0
3285,724,677625,TunnelBus,,1,58315,101466,0,0
3285,724,677587,TunnelBus,,0,58315,101447,0,0
3285,724,677623,TunnelBus,,1,58315,101466,0,0
3286,724,678403,Central3West,,1,58319,101482,0,0
3286,724,678129,Central3West,,1,58319,101483,0,0
3286,724,678361,Central3West,,0,58319,101475,0,0
3286,724,678127,Central3West,,1,58319,101483,0,0
3286,724,678359,Central3West,,0,58319,101475,0,0
3286,724,678125,Central3West,,1,58319,101483,0,0
3286,724,678357,Central3West,,0,58319,101475,0,0
3286,724,678123,Central3West,,1,58319,101483,0,0
3286,724,678355,Central3West,,0,58300,101475,0,0
3286,724,678121,Central3West,,1,58300,101483,0,0
3286,724,678353,Central3West,,0,58300,101475,0,0
3286,724,678119,Central3West,,1,58300,101483,0,0
3286,724,678351,Central3West,,0,58300,101475,0,0
3286,724,678117,Central3West,,1,58300,101483,0,0
3286,724,678349,Central3West,,0,58300,101475,0,0
3286,724,678115,Central3West,,1,58300,101483,0,0
3286,724,678347,Central3West,,0,58300,101475,0,0
3286,724,678113,Central3West,,1,58300,101483,0,0
3286,724,678345,Central3West,,0,58300,101475,0,0
3286,724,678111,Central3West,,1,58300,101483,0,0
3286,724,678343,Central3West,,0,58300,101475,0,0
3286,724,678109,Central3West,,1,58300,101483,0,0
3286,724,678341,Central3West,,0,58300,101475,0,0
3286,723,678402,Central3West,,1,760,101482,0,0
3286,723,678128,Central3West,,1,760,101483,0,0
3286,723,678360,Central3West,,0,760,101475,0,0
3286,723,678126,Central3West,,1,760,101483,0,0
3286,723,678358,Central3West,,0,760,101475,0,0
3286,723,678124,Central3West,,1,760,101483,0,0
3286,723,678356,Central3West,,0,760,101475,0,0
3286,723,678122,Central3West,,1,760,101483,0,0
3286,723,678354,Central3West,,0,760,101475,0,0
3286,723,678120,Central3West,,1,760,101483,0,0
3286,723,678352,Central3West,,0,760,101475,0,0
3286,723,678118,Central3West,,1,760,101483,0,0
3286,723,678350,Central3West,,0,760,101475,0,0
3286,723,678116,Central3West,,1,760,101483,0,0
3286,723,678348,Central3West,,0,760,101475,0,0
3286,723,678114,Central3West,,1,760,101483,0,0
3286,723,678346,Central3West,,0,760,101475,0,0
3286,723,678112,Central3West,,1,760,101483,0,0
3286,723,678344,Central3West,,0,760,101475,0,0
3286,723,678110,Central3West,,1,760,101483,0,0
3286,723,678342,Central3West,,0,760,101475,0,0
3286,723,678108,Central3West,,1,760,101483,0,0
3286,723,678340,Central3West,,0,760,101475,0,0
3286,723,678398,NotinService,,0,760,101474,0,0
3286,724,677629,NotinService,,0,58300,101474,0,0
3287,723,678548,7 EB,,1,67391,101496,0,0
3287,723,678549,7 WB,,0,67390,101490,0,0
3288,724,678381,Dominion5,,1,58315,101513,0,0
3288,724,678299,Dominion5,,0,58315,101502,0,0
3288,724,678379,Dominion5,,1,58315,101513,0,0
3288,724,678297,Dominion5,,0,58315,101502,0,0
3288,724,678377,Dominion5,,1,58315,101513,0,0
3288,724,678295,Dominion5,,0,58315,101502,0,0
3288,724,678375,Dominion5,,1,58315,101513,0,0
3288,724,678293,Dominion5,,0,58315,101502,0,0
3288,724,678373,Dominion5,,1,58285,101513,0,0
3288,724,678291,Dominion5,,0,58285,101502,0,0
3288,724,678371,Dominion5,,1,58285,101513,0,0
3288,724,678289,Dominion5,,0,58285,101502,0,0
3288,724,678369,Dominion5,,1,58285,101513,0,0
3288,724,678287,Dominion5,,0,58285,101502,0,0
3288,724,678367,Dominion5,,1,58285,101513,0,0
3288,724,678285,Dominion5,,0,58285,101502,0,0
3288,724,678365,Dominion5,,1,58285,101513,0,0
3288,724,678283,Dominion5,,0,58285,101502,0,0
3288,724,678363,Dominion5,,1,58285,101513,0,0
3288,724,678281,Dominion5,,0,58285,101502,0,0
3288,723,678380,Dominion5,,1,756,101513,0,0
3288,723,678298,Dominion5,,0,756,101502,0,0
3288,723,678378,Dominion5,,1,756,101513,0,0
3288,723,678296,Dominion5,,0,756,101502,0,0
3288,723,678376,Dominion5,,1,756,101513,0,0
3288,723,678294,Dominion5,,0,756,101502,0,0
3288,723,678374,Dominion5,,1,756,101513,0,0
3288,723,678292,Dominion5,,0,756,101502,0,0
3288,723,678372,Dominion5,,1,756,101513,0,0
3288,723,678290,Dominion5,,0,756,101502,0,0
3288,723,678370,Dominion5,,1,756,101513,0,0
3288,723,678288,Dominion5,,0,756,101502,0,0
3288,723,678368,Dominion5,,1,756,101513,0,0
3288,723,678286,Dominion5,,0,756,101502,0,0
3288,723,678366,Dominion5,,1,756,101513,0,0
3288,723,678284,Dominion5,,0,756,101502,0,0
3288,723,678364,Dominion5,,1,756,101513,0,0
3288,723,678282,Dominion5,,0,756,101502,0,0
3288,723,678362,Dominion5,,1,756,101513,0,0
3288,723,678280,Dominion5,,0,756,101502,0,0
3325,723,678550,25 East,,1,67392,101572,0,0
3325,723,678551,25 West,,0,67389,101570,0,0